,jd,sec,status,bx_gsm,by_gsm,bz_gsm,bt_gsm,lat_gsm,lon_gsm
2024-07-16 18:12:00,60507.0,65520.0,0.0,-1.6,4.3,8.0,9.2,59.9,110.8
2024-07-16 18:13:00,60507.0,65580.0,0.0,-2.0,3.7,7.6,8.7,61.2,118.3
2024-07-16 18:14:00,60507.0,65640.0,0.0,-1.3,2.4,7.3,7.8,69.2,118.8
2024-07-16 18:15:00,60507.0,65700.0,0.0,-1.9,3.9,7.9,9.1,61.2,115.6
2024-07-16 18:16:00,60507.0,65760.0,0.0,-1.9,4.1,8.0,9.2,60.2,115.1
2024-07-16 18:17:00,60507.0,65820.0,0.0,-3.0,4.1,7.6,9.1,56.0,125.8
2024-07-16 18:18:00,60507.0,65880.0,0.0,-2.2,4.0,7.7,9.0,59.3,118.9
2024-07-16 18:19:00,60507.0,65940.0,0.0,-4.0,3.6,7.1,8.9,52.6,137.8
2024-07-16 18:20:00,60507.0,66000.0,0.0,-3.0,3.9,6.8,8.4,53.8,127.1
2024-07-16 18:21:00,60507.0,66060.0,0.0,-2.4,3.7,7.2,8.4,58.8,123.2
2024-07-16 18:22:00,60507.0,66120.0,0.0,-2.5,3.5,7.4,8.5,59.5,125.9
2024-07-16 18:23:00,60507.0,66180.0,0.0,-2.6,3.2,7.1,8.2,60.2,128.9
2024-07-16 18:24:00,60507.0,66240.0,0.0,-1.7,2.7,7.5,8.2,66.6,122.3
2024-07-16 18:25:00,60507.0,66300.0,0.0,-2.5,2.5,8.3,9.0,67.3,135.1
2024-07-16 18:26:00,60507.0,66360.0,0.0,-2.4,3.0,8.3,9.2,65.2,128.7
2024-07-16 18:27:00,60507.0,66420.0,0.0,-2.0,3.9,8.1,9.2,61.7,117.8
2024-07-16 18:28:00,60507.0,66480.0,0.0,-3.1,2.7,8.1,9.1,63.0,138.5
2024-07-16 18:29:00,60507.0,66540.0,0.0,-0.8,4.2,7.8,8.9,61.2,100.0
2024-07-16 18:30:00,60507.0,66600.0,0.0,-1.7,3.3,8.0,8.8,65.0,117.3
2024-07-16 18:31:00,60507.0,66660.0,0.0,-1.1,1.3,7.8,7.9,77.6,131.5
2024-07-16 18:32:00,60507.0,66720.0,0.0,-1.9,3.2,6.7,7.6,61.2,120.8
2024-07-16 18:33:00,60507.0,66780.0,0.0,-1.3,3.6,6.0,7.1,57.4,110.6
2024-07-16 18:34:00,60507.0,66840.0,0.0,-1.5,2.7,5.9,6.7,62.7,119.3
2024-07-16 18:35:00,60507.0,66900.0,0.0,-1.2,2.9,7.7,8.3,67.8,112.2
2024-07-16 18:36:00,60507.0,66960.0,0.0,-0.9,2.8,6.9,7.5,66.8,108.1
2024-07-16 18:37:00,60507.0,67020.0,0.0,-1.7,2.1,6.8,7.3,68.7,129.0
2024-07-16 18:38:00,60507.0,67080.0,0.0,-2.0,1.8,8.2,8.6,71.5,137.8
2024-07-16 18:39:00,60507.0,67140.0,0.0,-2.1,3.0,8.2,9.0,65.7,124.8
2024-07-16 18:40:00,60507.0,67200.0,0.0,-2.1,3.7,8.1,9.2,62.5,119.9
2024-07-16 18:41:00,60507.0,67260.0,0.0,-1.9,2.7,8.7,9.3,69.3,124.9
2024-07-16 18:42:00,60507.0,67320.0,0.0,-1.1,0.9,9.0,9.1,80.9,142.8
2024-07-16 18:43:00,60507.0,67380.0,0.0,-2.1,2.4,8.5,9.1,69.3,131.4
2024-07-16 18:44:00,60507.0,67440.0,0.0,-2.2,1.9,8.2,8.7,70.9,139.2
2024-07-16 18:45:00,60507.0,67500.0,0.0,-2.9,3.9,7.6,9.1,57.3,126.3
2024-07-16 18:46:00,60507.0,67560.0,0.0,-3.6,4.6,7.9,9.8,53.5,128.2
2024-07-16 18:47:00,60507.0,67620.0,0.0,-3.6,4.5,6.8,8.9,50.0,128.5
2024-07-16 18:48:00,60507.0,67680.0,0.0,-3.4,5.2,6.1,8.7,44.7,123.6
2024-07-16 18:49:00,60507.0,67740.0,0.0,-2.6,4.3,6.7,8.4,53.2,121.3
2024-07-16 18:50:00,60507.0,67800.0,0.0,-1.5,2.0,8.3,8.7,73.4,126.4
2024-07-16 18:51:00,60507.0,67860.0,0.0,0.0,0.5,8.9,8.9,86.9,89.8
2024-07-16 18:52:00,60507.0,67920.0,0.0,1.4,1.3,8.1,8.3,76.8,44.9
2024-07-16 18:53:00,60507.0,67980.0,0.0,-0.1,-0.5,8.1,8.1,86.7,255.2
2024-07-16 18:54:00,60507.0,68040.0,0.0,-2.2,-2.6,8.1,8.8,67.2,230.5
2024-07-16 18:55:00,60507.0,68100.0,0.0,0.5,0.4,8.6,8.6,85.9,40.2
2024-07-16 18:56:00,60507.0,68160.0,0.0,2.0,-1.1,8.3,8.6,74.6,330.6
2024-07-16 18:57:00,60507.0,68220.0,0.0,1.0,-2.0,9.1,9.3,76.4,297.1
2024-07-16 18:58:00,60507.0,68280.0,0.0,-4.3,4.5,3.9,7.3,31.8,133.7
2024-07-16 18:59:00,60507.0,68340.0,0.0,-4.5,4.8,4.4,8.0,33.6,133.2
2024-07-16 19:00:00,60507.0,68400.0,0.0,-4.5,5.2,4.3,8.1,31.8,130.9
2024-07-16 19:01:00,60507.0,68460.0,0.0,-4.7,6.1,4.0,8.6,27.5,127.6
2024-07-16 19:02:00,60507.0,68520.0,0.0,-5.7,5.0,4.1,8.6,28.7,139.0
2024-07-16 19:03:00,60507.0,68580.0,0.0,-4.7,6.4,1.2,8.1,8.9,126.2
2024-07-16 19:04:00,60507.0,68640.0,0.0,-5.0,4.9,4.9,8.5,34.8,135.8
2024-07-16 19:05:00,60507.0,68700.0,0.0,-5.3,4.8,5.3,8.9,36.5,138.1
2024-07-16 19:06:00,60507.0,68760.0,0.0,-5.6,4.4,5.2,8.9,36.0,141.9
2024-07-16 19:07:00,60507.0,68820.0,0.0,-5.7,4.2,5.7,9.0,38.9,143.6
2024-07-16 19:08:00,60507.0,68880.0,0.0,-5.7,3.7,6.2,9.2,41.9,146.9
2024-07-16 19:09:00,60507.0,68940.0,0.0,-5.6,4.7,5.4,9.1,36.2,140.2
2024-07-16 19:10:00,60507.0,69000.0,0.0,-5.1,5.7,4.0,8.6,27.9,131.7
2024-07-16 19:11:00,60507.0,69060.0,0.0,-5.0,5.7,3.4,8.3,24.2,131.6
2024-07-16 19:12:00,60507.0,69120.0,0.0,-5.5,5.0,3.7,8.3,26.4,138.1
2024-07-16 19:13:00,60507.0,69180.0,0.0,-5.7,4.8,3.7,8.3,26.3,139.9
2024-07-16 19:14:00,60507.0,69240.0,0.0,-5.6,5.2,3.2,8.3,22.6,137.1
2024-07-16 19:15:00,60507.0,69300.0,0.0,-5.2,5.5,3.4,8.3,24.5,133.5
2024-07-16 19:16:00,60507.0,69360.0,0.0,-5.0,5.6,3.6,8.4,25.7,131.8
2024-07-16 19:17:00,60507.0,69420.0,0.0,-5.4,5.3,3.7,8.4,26.0,135.1
2024-07-16 19:18:00,60507.0,69480.0,0.0,-5.3,5.6,3.6,8.5,25.4,133.3
2024-07-16 19:19:00,60507.0,69540.0,0.0,-5.1,7.2,1.5,8.9,9.4,125.3
2024-07-16 19:20:00,60507.0,69600.0,0.0,-5.0,7.1,0.9,8.8,5.7,125.1
2024-07-16 19:21:00,60507.0,69660.0,0.0,-5.3,6.7,0.6,8.6,4.1,128.4
2024-07-16 19:22:00,60507.0,69720.0,0.0,-4.5,7.2,1.7,8.7,11.4,122.2
2024-07-16 19:23:00,60507.0,69780.0,0.0,-4.7,6.9,1.9,8.6,13.0,124.5
2024-07-16 19:24:00,60507.0,69840.0,0.0,-5.1,6.3,2.9,8.6,19.6,128.6
2024-07-16 19:25:00,60507.0,69900.0,0.0,-4.9,6.9,2.5,8.8,16.6,125.2
2024-07-16 19:26:00,60507.0,69960.0,0.0,-4.3,7.2,2.8,8.8,18.5,120.5
2024-07-16 19:27:00,60507.0,70020.0,0.0,-4.8,6.4,3.6,8.8,24.6,126.9
2024-07-16 19:28:00,60507.0,70080.0,0.0,-4.8,6.3,3.7,8.8,25.1,127.1
2024-07-16 19:29:00,60507.0,70140.0,0.0,-5.7,5.1,4.3,8.8,29.5,138.2
2024-07-16 19:30:00,60507.0,70200.0,0.0,-6.6,4.4,4.2,8.9,28.3,146.4
2024-07-16 19:31:00,60507.0,70260.0,0.0,-6.1,5.1,3.8,8.8,25.3,139.6
2024-07-16 19:32:00,60507.0,70320.0,0.0,-5.6,5.6,3.8,8.8,25.5,135.0
2024-07-16 19:33:00,60507.0,70380.0,0.0,-5.4,5.8,3.8,8.8,25.5,132.9
2024-07-16 19:34:00,60507.0,70440.0,0.0,-4.7,5.9,4.9,9.0,32.9,128.1
2024-07-16 19:35:00,60507.0,70500.0,0.0,-4.7,6.0,4.9,9.0,32.5,128.1
2024-07-16 19:36:00,60507.0,70560.0,0.0,-4.6,6.6,4.5,9.2,29.2,125.3
2024-07-16 19:37:00,60507.0,70620.0,0.0,-3.7,5.5,6.2,9.1,43.1,123.8
2024-07-16 19:38:00,60507.0,70680.0,0.0,-2.5,5.2,7.3,9.3,51.9,115.5
2024-07-16 19:39:00,60507.0,70740.0,0.0,-5.3,5.3,2.0,7.8,15.2,135.2
2024-07-16 19:40:00,60507.0,70800.0,0.0,-5.5,2.4,-6.2,8.6,-45.8,156.7
2024-07-16 19:41:00,60507.0,70860.0,0.0,-5.1,2.4,-6.6,8.7,-49.7,155.0
2024-07-16 19:42:00,60507.0,70920.0,0.0,-5.1,1.2,-7.3,9.0,-54.4,166.5
2024-07-16 19:43:00,60507.0,70980.0,0.0,-5.5,1.7,-6.8,8.9,-50.1,163.2
2024-07-16 19:44:00,60507.0,71040.0,0.0,-5.3,1.6,-6.8,8.8,-51.1,162.8
2024-07-16 19:45:00,60507.0,71100.0,0.0,-5.6,1.2,-6.6,8.7,-48.8,167.4
2024-07-16 19:46:00,60507.0,71160.0,0.0,-5.0,3.0,-6.1,8.4,-45.9,149.1
2024-07-16 19:47:00,60507.0,71220.0,0.0,-4.9,3.1,-6.4,8.6,-47.5,147.8
2024-07-16 19:48:00,60507.0,71280.0,0.0,-4.7,2.3,-7.0,8.7,-53.2,153.7
2024-07-16 19:49:00,60507.0,71340.0,0.0,-5.4,3.3,-5.8,8.6,-42.7,148.9
2024-07-16 19:50:00,60507.0,71400.0,0.0,-6.0,3.5,-4.8,8.5,-34.4,149.7
2024-07-16 19:51:00,60507.0,71460.0,0.0,-5.3,4.4,-3.4,7.7,-26.1,140.2
2024-07-16 19:52:00,60507.0,71520.0,0.0,-5.3,4.2,-5.1,8.5,-36.8,141.6
2024-07-16 19:53:00,60507.0,71580.0,0.0,-5.9,5.3,-3.5,8.6,-23.6,137.9
2024-07-16 19:54:00,60507.0,71640.0,0.0,-6.4,3.5,-4.7,8.7,-32.9,150.9
2024-07-16 19:55:00,60507.0,71700.0,0.0,-5.9,2.3,-5.8,8.6,-42.3,158.5
2024-07-16 19:56:00,60507.0,71760.0,0.0,-6.2,4.6,-3.2,8.3,-22.8,143.6
2024-07-16 19:57:00,60507.0,71820.0,0.0,-5.6,3.8,-5.0,8.5,-36.3,145.7
2024-07-16 19:58:00,60507.0,71880.0,0.0,-5.6,4.3,-3.6,7.9,-27.2,143.0
2024-07-16 19:59:00,60507.0,71940.0,0.0,-5.5,6.3,1.5,8.5,10.0,130.9
2024-07-16 20:00:00,60507.0,72000.0,0.0,-5.8,5.8,2.5,8.6,16.8,134.9
2024-07-16 20:01:00,60507.0,72060.0,0.0,-6.0,5.8,2.0,8.6,13.2,136.2
2024-07-16 20:02:00,60507.0,72120.0,0.0,-5.5,6.2,1.7,8.4,11.5,131.4
2024-07-16 20:03:00,60507.0,72180.0,0.0,-5.7,6.1,2.3,8.7,15.6,133.4
2024-07-16 20:04:00,60507.0,72240.0,0.0,-5.3,6.4,1.6,8.5,11.2,129.7
2024-07-16 20:05:00,60507.0,72300.0,0.0,-5.0,6.8,1.7,8.6,11.6,126.2
2024-07-16 20:06:00,60507.0,72360.0,0.0,-3.5,7.4,2.2,8.4,14.8,115.2
2024-07-16 20:07:00,60507.0,72420.0,0.0,-3.3,7.9,1.6,8.7,10.9,112.5
2024-07-16 20:08:00,60507.0,72480.0,0.0,-3.9,7.6,1.1,8.6,7.5,117.4
2024-07-16 20:09:00,60507.0,72540.0,0.0,-4.5,7.3,0.3,8.6,2.0,121.9
2024-07-16 20:10:00,60507.0,72600.0,0.0,-4.5,7.1,2.0,8.7,13.5,122.3
