,jd,sec,status,bx_gsm,by_gsm,bz_gsm,bt_gsm,lat_gsm,lon_gsm
2024-07-17 13:34:00,60508.0,48840.0,0.0,-1.9,4.4,-2.9,5.6,-31.0,113.0
2024-07-17 13:35:00,60508.0,48900.0,0.0,-1.8,4.4,-3.1,5.7,-33.0,112.2
2024-07-17 13:36:00,60508.0,48960.0,0.0,-2.2,4.4,-3.1,5.8,-32.2,116.5
2024-07-17 13:37:00,60508.0,49020.0,0.0,-2.0,4.4,-3.0,5.7,-31.6,113.9
2024-07-17 13:38:00,60508.0,49080.0,0.0,-1.1,2.9,-4.2,5.2,-53.5,111.4
2024-07-17 13:39:00,60508.0,49140.0,0.0,-0.6,3.3,-4.1,5.4,-50.6,99.6
2024-07-17 13:40:00,60508.0,49200.0,0.0,-0.9,4.3,-3.7,5.8,-40.1,101.3
2024-07-17 13:41:00,60508.0,49260.0,0.0,-0.8,4.0,-4.0,5.7,-44.2,101.4
2024-07-17 13:42:00,60508.0,49320.0,0.0,-0.8,3.6,-4.3,5.7,-48.8,102.5
2024-07-17 13:43:00,60508.0,49380.0,0.0,-0.9,4.0,-3.7,5.5,-42.5,102.3
2024-07-17 13:44:00,60508.0,49440.0,0.0,-1.0,4.0,-3.4,5.3,-39.2,103.4
2024-07-17 13:45:00,60508.0,49500.0,0.0,-1.0,3.7,-3.6,5.3,-42.8,104.9
2024-07-17 13:46:00,60508.0,49560.0,0.0,-1.0,3.7,-3.5,5.2,-42.6,105.6
2024-07-17 13:47:00,60508.0,49620.0,0.0,-0.3,3.5,-3.9,5.3,-47.7,95.3
2024-07-17 13:48:00,60508.0,49680.0,0.0,-0.8,3.9,-3.2,5.1,-39.0,101.8
2024-07-17 13:49:00,60508.0,49740.0,0.0,-1.2,3.7,-3.1,5.0,-38.3,107.3
2024-07-17 13:50:00,60508.0,49800.0,0.0,-1.2,3.6,-3.1,4.9,-38.6,108.0
2024-07-17 13:51:00,60508.0,49860.0,0.0,-1.1,3.6,-3.1,4.9,-39.6,106.4
2024-07-17 13:52:00,60508.0,49920.0,0.0,-1.7,3.4,-3.2,5.0,-40.1,116.0
2024-07-17 13:53:00,60508.0,49980.0,0.0,-2.0,3.4,-3.3,5.2,-40.2,121.3
2024-07-17 13:54:00,60508.0,50040.0,0.0,-2.0,3.5,-3.4,5.3,-40.2,120.2
2024-07-17 13:55:00,60508.0,50100.0,0.0,-2.3,3.3,-3.8,5.5,-43.4,124.5
2024-07-17 13:56:00,60508.0,50160.0,0.0,-1.9,2.5,-4.2,5.2,-52.9,128.1
2024-07-17 13:57:00,60508.0,50220.0,0.0,-2.7,2.5,-2.2,4.3,-30.6,136.6
2024-07-17 13:58:00,60508.0,50280.0,0.0,-2.3,0.1,3.9,4.6,59.6,176.6
2024-07-17 13:59:00,60508.0,50340.0,0.0,-2.8,1.5,3.3,4.6,45.6,152.1
2024-07-17 14:00:00,60508.0,50400.0,0.0,-3.9,2.4,1.0,4.7,12.5,148.1
2024-07-17 14:01:00,60508.0,50460.0,0.0,-4.2,2.6,0.3,4.9,3.7,148.0
2024-07-17 14:02:00,60508.0,50520.0,0.0,-4.2,2.5,0.6,4.9,7.1,149.1
2024-07-17 14:03:00,60508.0,50580.0,0.0,-3.6,2.5,1.1,4.5,14.7,145.2
2024-07-17 14:04:00,60508.0,50640.0,0.0,-3.7,2.6,1.2,4.7,14.8,145.6
2024-07-17 14:05:00,60508.0,50700.0,0.0,-3.7,2.9,1.1,4.8,12.9,142.0
2024-07-17 14:06:00,60508.0,50760.0,0.0,-3.6,3.1,0.9,4.9,10.6,139.6
2024-07-17 14:07:00,60508.0,50820.0,0.0,-3.8,3.0,0.5,4.9,5.6,142.5
2024-07-17 14:08:00,60508.0,50880.0,0.0,-3.5,3.3,1.2,4.9,14.4,136.8
2024-07-17 14:09:00,60508.0,50940.0,0.0,-3.4,3.4,1.3,4.9,14.7,134.9
2024-07-17 14:10:00,60508.0,51000.0,0.0,-3.7,3.3,0.8,5.0,9.5,138.3
2024-07-17 14:11:00,60508.0,51060.0,0.0,-3.5,3.3,0.8,4.9,9.0,136.9
2024-07-17 14:12:00,60508.0,51120.0,0.0,-3.8,3.2,0.6,5.0,6.7,140.1
2024-07-17 14:13:00,60508.0,51180.0,0.0,-3.9,3.2,0.5,5.0,5.7,140.5
2024-07-17 14:14:00,60508.0,51240.0,0.0,-3.8,3.2,0.5,5.0,6.0,139.6
2024-07-17 14:15:00,60508.0,51300.0,0.0,-3.9,3.4,0.2,5.2,1.9,139.3
2024-07-17 14:16:00,60508.0,51360.0,0.0,-3.8,2.7,0.9,4.8,10.9,143.9
2024-07-17 14:17:00,60508.0,51420.0,0.0,-3.9,2.2,1.3,4.6,17.0,150.8
2024-07-17 14:18:00,60508.0,51480.0,0.0,-4.0,1.5,1.5,4.5,19.9,159.4
2024-07-17 14:19:00,60508.0,51540.0,0.0,-4.0,1.9,1.4,4.6,18.0,154.7
2024-07-17 14:20:00,60508.0,51600.0,0.0,-3.6,3.0,1.4,4.8,17.1,140.4
2024-07-17 14:21:00,60508.0,51660.0,0.0,-3.5,2.8,1.9,4.9,22.8,140.8
2024-07-17 14:22:00,60508.0,51720.0,0.0,-3.7,2.7,1.5,4.8,18.3,143.4
2024-07-17 14:23:00,60508.0,51780.0,0.0,-3.9,2.4,1.4,4.8,16.6,147.7
2024-07-17 14:24:00,60508.0,51840.0,0.0,-4.3,1.6,1.0,4.8,12.6,159.2
2024-07-17 14:25:00,60508.0,51900.0,0.0,-4.2,2.3,0.4,4.8,5.1,151.4
2024-07-17 14:26:00,60508.0,51960.0,0.0,-4.0,2.4,1.2,4.9,14.9,148.9
2024-07-17 14:27:00,60508.0,52020.0,0.0,-3.9,2.8,1.4,4.9,16.3,144.4
2024-07-17 14:28:00,60508.0,52080.0,0.0,-3.5,2.3,1.8,4.6,23.4,146.8
2024-07-17 14:29:00,60508.0,52140.0,0.0,-3.1,1.1,2.3,4.0,35.2,160.2
2024-07-17 14:30:00,60508.0,52200.0,0.0,-3.4,1.2,2.2,4.2,32.0,160.3
2024-07-17 14:31:00,60508.0,52260.0,0.0,-3.8,2.1,2.0,4.8,24.6,150.8
2024-07-17 14:32:00,60508.0,52320.0,0.0,-2.5,4.1,1.0,5.0,12.1,121.6
2024-07-17 14:33:00,60508.0,52380.0,0.0,-3.0,3.8,1.3,5.0,15.3,128.8
2024-07-17 14:34:00,60508.0,52440.0,0.0,-3.4,3.0,2.0,5.0,23.8,138.4
2024-07-17 14:35:00,60508.0,52500.0,0.0,-3.3,3.7,0.8,5.0,9.0,131.8
2024-07-17 14:36:00,60508.0,52560.0,0.0,-3.2,3.5,1.2,4.9,14.6,133.1
2024-07-17 14:37:00,60508.0,52620.0,0.0,-3.3,3.4,1.4,4.9,16.9,134.3
2024-07-17 14:38:00,60508.0,52680.0,0.0,-3.3,3.3,1.4,4.9,17.3,135.3
2024-07-17 14:39:00,60508.0,52740.0,0.0,-3.3,3.2,1.6,4.8,19.1,135.5
2024-07-17 14:40:00,60508.0,52800.0,0.0,-3.4,2.9,1.8,4.8,21.6,139.4
2024-07-17 14:41:00,60508.0,52860.0,0.0,-3.6,2.2,2.4,4.8,29.2,149.0
2024-07-17 14:42:00,60508.0,52920.0,0.0,-4.3,1.6,2.0,5.0,23.7,160.2
2024-07-17 14:43:00,60508.0,52980.0,0.0,-4.9,0.9,1.4,5.1,16.0,169.8
2024-07-17 14:44:00,60508.0,53040.0,0.0,-4.8,0.6,1.4,5.0,16.1,172.5
2024-07-17 14:45:00,60508.0,53100.0,0.0,-4.8,0.9,1.4,5.1,15.5,169.4
2024-07-17 14:46:00,60508.0,53160.0,0.0,-4.8,1.2,1.0,5.0,11.4,166.3
2024-07-17 14:47:00,60508.0,53220.0,0.0,-4.8,1.4,0.4,5.1,4.8,163.4
2024-07-17 14:48:00,60508.0,53280.0,0.0,-4.7,1.9,0.5,5.0,6.1,158.2
2024-07-17 14:49:00,60508.0,53340.0,0.0,-4.4,2.2,-0.0,5.0,-0.5,153.6
2024-07-17 14:50:00,60508.0,53400.0,0.0,-4.4,2.3,0.3,5.0,3.9,152.2
2024-07-17 14:51:00,60508.0,53460.0,0.0,-4.7,2.1,0.2,5.2,2.0,155.5
2024-07-17 14:52:00,60508.0,53520.0,0.0,-4.6,2.3,0.2,5.2,2.2,153.1
2024-07-17 14:53:00,60508.0,53580.0,0.0,-4.4,2.6,0.3,5.1,3.1,150.0
2024-07-17 14:54:00,60508.0,53640.0,0.0,-4.4,2.6,0.7,5.2,7.8,149.8
2024-07-17 14:55:00,60508.0,53700.0,0.0,-4.4,2.7,0.9,5.2,9.5,147.8
2024-07-17 14:56:00,60508.0,53760.0,0.0,-4.5,2.7,0.6,5.3,6.4,148.7
2024-07-17 14:57:00,60508.0,53820.0,0.0,-4.5,2.9,0.5,5.4,5.2,147.5
2024-07-17 14:58:00,60508.0,53880.0,0.0,-4.5,2.7,0.5,5.3,5.2,149.0
2024-07-17 14:59:00,60508.0,53940.0,0.0,-3.8,3.7,0.5,5.3,5.8,135.3
2024-07-17 15:00:00,60508.0,54000.0,0.0,-3.5,3.8,0.5,5.2,5.0,132.2
2024-07-17 15:01:00,60508.0,54060.0,0.0,-3.4,3.9,0.1,5.2,1.3,131.1
2024-07-17 15:02:00,60508.0,54120.0,0.0,-4.3,3.0,-0.2,5.2,-2.4,145.3
2024-07-17 15:03:00,60508.0,54180.0,0.0,-4.1,2.9,0.6,5.1,7.1,144.9
2024-07-17 15:04:00,60508.0,54240.0,0.0,-4.0,3.1,0.1,5.1,1.1,143.0
2024-07-17 15:05:00,60508.0,54300.0,0.0,-4.4,2.8,-1.3,5.4,-14.0,147.5
2024-07-17 15:06:00,60508.0,54360.0,0.0,-4.5,2.8,-1.2,5.4,-12.5,148.7
2024-07-17 15:07:00,60508.0,54420.0,0.0,-4.2,3.0,0.1,5.2,1.6,144.3
2024-07-17 15:08:00,60508.0,54480.0,0.0,-4.4,3.2,-0.1,5.4,-0.7,143.8
2024-07-17 15:09:00,60508.0,54540.0,0.0,-4.4,3.2,-0.5,5.5,-5.6,144.4
2024-07-17 15:10:00,60508.0,54600.0,0.0,-4.3,3.2,-0.6,5.4,-6.3,143.5
2024-07-17 15:11:00,60508.0,54660.0,0.0,-4.5,3.1,-0.6,5.5,-5.7,145.5
2024-07-17 15:12:00,60508.0,54720.0,0.0,-4.5,3.2,-0.5,5.5,-5.4,144.6
2024-07-17 15:13:00,60508.0,54780.0,0.0,-4.6,3.2,-0.5,5.6,-5.1,145.4
2024-07-17 15:14:00,60508.0,54840.0,0.0,-4.7,2.9,-0.6,5.6,-5.8,148.3
2024-07-17 15:15:00,60508.0,54900.0,0.0,-4.7,2.9,-0.6,5.6,-6.3,148.7
2024-07-17 15:16:00,60508.0,54960.0,0.0,-4.7,2.9,-0.6,5.5,-6.7,148.4
2024-07-17 15:17:00,60508.0,55020.0,0.0,-4.6,2.8,-0.7,5.4,-7.5,148.3
2024-07-17 15:18:00,60508.0,55080.0,0.0,-4.4,2.9,-1.2,5.4,-12.4,146.3
2024-07-17 15:19:00,60508.0,55140.0,0.0,-4.4,3.0,-0.7,5.4,-7.3,145.2
2024-07-17 15:20:00,60508.0,55200.0,0.0,-4.5,2.8,-0.5,5.4,-5.6,148.1
2024-07-17 15:21:00,60508.0,55260.0,0.0,-4.7,2.7,-0.4,5.4,-4.7,150.6
2024-07-17 15:22:00,60508.0,55320.0,0.0,-4.8,2.6,-0.4,5.5,-4.6,150.9
2024-07-17 15:23:00,60508.0,55380.0,0.0,-4.8,2.7,-0.6,5.5,-5.9,151.1
2024-07-17 15:24:00,60508.0,55440.0,0.0,-4.8,2.6,-0.5,5.5,-5.3,151.3
2024-07-17 15:25:00,60508.0,55500.0,0.0,-4.7,2.7,-0.5,5.5,-4.9,150.3
2024-07-17 15:26:00,60508.0,55560.0,0.0,-4.7,2.7,-0.6,5.5,-6.1,150.6
2024-07-17 15:27:00,60508.0,55620.0,0.0,-4.8,2.5,-0.7,5.5,-7.1,152.0
2024-07-17 15:28:00,60508.0,55680.0,0.0,-4.8,2.4,-0.8,5.5,-8.1,153.3
2024-07-17 15:29:00,60508.0,55740.0,0.0,-4.8,2.3,-1.0,5.4,-10.5,154.3
2024-07-17 15:30:00,60508.0,55800.0,0.0,-4.9,2.1,-1.2,5.4,-12.5,157.0
2024-07-17 15:31:00,60508.0,55860.0,9.0,-999.9,-999.9,-999.9,-999.9,-999.9,-999.9
2024-07-17 15:32:00,60508.0,55920.0,0.0,-4.8,2.1,-1.0,5.3,-11.0,155.9
